1.2890 0.0000000000
1.3150 0.0000000000
1.3410 0.0000000000
1.3680 0.0000000000
1.3970 0.0000000000
1.4180 0.0000000000
1.4400 0.0005000000
1.4620 0.0027999999
1.4780 0.0081000002
1.4860 0.0286999997
1.4930 0.0870999992
1.5040 0.2013999969
1.5150 0.4381999969
1.5280 0.6863999963
1.5390 0.8180999756
1.5460 0.8820999861
1.5510 0.9118000269
1.5560 0.9269000292
1.5650 0.9293000102
1.5720 0.8726999760
1.5770 0.8565999866
1.5830 0.8826000094
1.5920 0.9180999994
1.5970 0.9266999960
1.6020 0.9075999856
1.6130 0.9259999990
1.6190 0.9204999804
1.6280 0.9241999984
1.6330 0.9235000014
1.6420 0.9417999983
1.6480 0.9491000175
1.6570 0.9807000160
1.6590 0.9937000275
1.6710 1.0000000000
1.6840 0.9560999870
1.7010 0.9240999818
1.7150 0.9821000099
1.7270 0.9915999770
1.7390 0.9886999726
1.7460 0.9792000055
1.7510 0.9682000279
1.7530 0.9369999766
1.7560 0.9190000296
1.7640 0.8422999978
1.7750 0.6671000123
1.7850 0.2694000006
1.7900 0.4515999854
1.7960 0.1730999947
1.8030 0.1076999977
1.8100 0.0706999972
1.8130 0.0051000002
1.8180 0.0199999996
1.8280 0.0004000000
1.8350 0.0000000000
1.8500 0.0001000000
1.8710 0.0000000000
1.8930 0.0000000000
1.9140 0.0000000000