1.0620 0.0000000000
1.0660 0.0004000000
1.0700 0.0015000000
1.0750 0.0027000001
1.0780 0.0055000000
1.0820 0.0122999996
1.0840 0.0203000009
1.0870 0.0306000002
1.0890 0.0405000001
1.0930 0.0515000001
1.0960 0.0564000010
1.1020 0.0718000010
1.1050 0.2736000121
1.1070 0.3409999907
1.1090 0.3583999872
1.1120 0.3801000118
1.1160 0.3307000101
1.1170 0.2395000011
1.1200 0.2500999868
1.1230 0.2833000124
1.1280 0.2581999898
1.1290 0.2515000105
1.1320 0.5381000042
1.1340 0.2231999934
1.1380 0.5368999839
1.1400 0.1102000028
1.1430 0.5292000175
1.1470 0.2619000077
1.1540 0.3201999962
1.1590 0.1743000001
1.1640 0.6069999933
1.1670 0.6179000139
1.1700 0.6762999892
1.1730 0.7279000282
1.1750 0.7465000153
1.1790 0.8303999901
1.1820 0.7903000116
1.1860 0.8095999956
1.1880 0.8368999958
1.1920 0.8360000253
1.1950 0.7498999834
1.1990 0.7080000043
1.2020 0.6988000274
1.2090 0.7049000263
1.2160 0.7003999949
1.2210 0.7328000069
1.2270 0.7056999803
1.2310 0.8424000144
1.2360 0.9218999743
1.2400 0.9524999857
1.2440 0.9675999880
1.2470 0.9595000148
1.2530 0.9226999879
1.2550 0.8930000067
1.2580 0.8529000282
1.2600 0.8022999763
1.2650 0.7501000166
1.2700 0.6780999899
1.2750 0.6524000168
1.2790 0.6388000250
1.2860 0.6424000263
1.2920 0.6485999823
1.2970 0.6823999882
1.3020 0.7529000044
1.3050 0.7759000063
1.3070 0.8118000031
1.3100 0.7770000100
1.3130 0.7210000157
1.3160 0.9524999857
1.3190 0.8550999761
1.3230 0.8414000273
1.3260 1.0000000000
1.3300 0.8946999907
1.3330 0.8549000025
1.3340 0.5378999710
1.3360 0.2799000144
1.3390 0.9064999819
1.3430 0.6893000007
1.3460 0.5533000231
1.3490 0.2432000041
1.3530 0.0143999998
1.3550 0.0002000000
1.3600 0.0401000008
1.3630 0.0044999998
1.3700 0.0003000000
1.3730 0.0372000001
1.3770 0.0005000000
1.3830 0.0000000000
1.3880 0.0001000000
1.3920 0.0033000000
1.3950 0.0003000000
1.3960 0.0085000005
1.3970 0.0253999997
1.3980 0.1184000000
1.4000 0.0001000000
1.4010 0.0001000000
1.4020 0.0520999990
1.4040 0.0104000000
1.4060 0.0478000008
1.4070 0.0004000000
1.4100 0.0024000001
1.4120 0.0052999998
1.4160 0.0086000003
1.4210 0.0007000000
1.4260 0.0003000000
1.4420 0.0004000000
1.4500 0.0000000000