0.9000 0.001
0.9010 0.002
0.9020 0.002
0.9030 0.002
0.9040 0.002
0.9050 0.002
0.9060 0.003
0.9070 0.003
0.9080 0.003
0.9090 0.005
0.9100 0.006
0.9110 0.009
0.9120 0.015
0.9130 0.024
0.9140 0.04
0.9150 0.066
0.9160 0.098
0.9170 0.152
0.9180 0.199
0.9190 0.271
0.9200 0.335
0.9210 0.403
0.9220 0.451
0.9230 0.506
0.9240 0.539
0.9250 0.565
0.9260 0.591
0.9270 0.615
0.9280 0.597
0.9290 0.601
0.9300 0.57
0.9310 0.543
0.9320 0.501
0.9330 0.486
0.9340 0.435
0.9350 0.464
0.9360 0.401
0.9370 0.435
0.9380 0.441
0.9390 0.513
0.9400 0.529
0.9410 0.498
0.9420 0.499
0.9430 0.431
0.9440 0.419
0.9450 0.471
0.9460 0.386
0.9470 0.459
0.9480 0.404
0.9490 0.487
0.9500 0.349
0.9510 0.48
0.9520 0.386
0.9530 0.422
0.9540 0.435
0.9550 0.413
0.9560 0.402
0.9570 0.388
0.9580 0.412
0.9590 0.395
0.9600 0.401
0.9610 0.401
0.9620 0.394
0.9630 0.399
0.9640 0.386
0.9650 0.387
0.9660 0.382
0.9670 0.381
0.9680 0.388
0.9690 0.39
0.9700 0.378
0.9710 0.38
0.9720 0.368
0.9730 0.358
0.9740 0.349
0.9750 0.341
0.9760 0.337
0.9770 0.335
0.9780 0.327
0.9790 0.326
0.9800 0.315
0.9810 0.318
0.9820 0.311
0.9830 0.302
0.9840 0.301
0.9850 0.292
0.9860 0.29
0.9870 0.282
0.9880 0.274
0.9890 0.268
0.9900 0.26
0.9910 0.255
0.9920 0.25
0.9930 0.243
0.9940 0.238
0.9950 0.232
0.9960 0.227
0.9970 0.221
0.9980 0.216
0.9990 0.211
1.0000 0.205
1.0010 0.2
1.0020 0.195
1.0030 0.189
1.0040 0.183
1.0050 0.178
1.0060 0.173
1.0070 0.168
1.0080 0.162
1.0090 0.157
1.0100 0.152
1.0110 0.147
1.0120 0.141
1.0130 0.136
1.0140 0.131
1.0150 0.127
1.0160 0.124
1.0170 0.12
1.0180 0.116
1.0190 0.111
1.0200 0.106
1.0210 0.102
1.0220 0.097
1.0230 0.094
1.0240 0.091
1.0250 0.088
1.0260 0.084
1.0270 0.081
1.0280 0.078
1.0290 0.075
1.0300 0.071
1.0310 0.067
1.0320 0.064
1.0330 0.06
1.0340 0.057
1.0350 0.055
1.0360 0.053
1.0370 0.05
1.0380 0.048
1.0390 0.045
1.0400 0.043
1.0410 0.041
1.0420 0.039
1.0430 0.037
1.0440 0.036
1.0450 0.035
1.0460 0.034
1.0470 0.033
1.0480 0.032
1.0490 0.03
1.0500 0.029
1.0510 0.028
1.0520 0.027
1.0530 0.026
1.0540 0.025
1.0550 0.024
1.0560 0.023
1.0570 0.022
1.0580 0.021
1.0590 0.02
1.0600 0.019
1.0610 0.018
1.0620 0.017
1.0630 0.016
1.0640 0.015
1.0650 0.015
1.0660 0.014
1.0670 0.014
1.0680 0.013
1.0690 0.012
1.0700 0.012
1.0710 0.011
1.0720 0.011
1.0730 0.011
1.0740 0.01
1.0750 0.01
1.0760 0.009
1.0770 0.009
1.0780 0.008
1.0790 0.008
1.0800 0.008
1.0810 0.007
1.0820 0.007
1.0830 0.007
1.0840 0.006
1.0850 0.006
1.0860 0.006
1.0870 0.006
1.0880 0.005
1.0890 0.005
1.0900 0.005
1.0910 0.005
1.0920 0.004
1.0930 0.004
1.0940 0.004
1.0950 0.004
1.0960 0.003
1.0970 0.003
1.0980 0.003
1.0990 0.003
1.1000 0.002